2115.98999023438
2101.580078125
2066.208984375
2058.94311523438
2062.34692382813
2068.8798828125
2104.42797851563
2117.0458984375
2114.02709960938
2105.9990234375
2105.72998046875
2071.50903320313
2069.06689453125
2079.27392578125
2047.88903808594
2055.4189453125
2030.2900390625
2014.72497558594
2016.98205566406
2008.92297363281
2030.31896972656
2015.61096191406
2027.38403320313
2017.46398925781
1991.1650390625
1973.52294921875
1963.48803710938
1980.11694335938
1959.76696777344
1975.14294433594
2031.90698242188
2029.23706054688
2061.78588867188
2083.77001953125
2074.7041015625
2082.72607421875
2061.47607421875
2150.625
2160.34204101563
2162.46411132813
2162.23901367188
2168.35302734375
2153.31005859375
2159.05297851563
2213.61108398438
2219.13208007813
2205.89697265625
2233.251953125
2269.1279296875
2276.99194335938
2285.36401367188
2276.07006835938
2275.34008789063
2283.65795898438
2242.9970703125
2311.73999023438
2325.68188476563
2309.4990234375
2284.90893554688
2317.07006835938
2328.22094726563
2315.13891601563
2320.91088867188
2302.59790039063
2291.30395507813
2346.5048828125
2358.97705078125
2382.47509765625
2385.42211914063
2419.02001953125
2428.15405273438
2433.1298828125
2434.47705078125
2418.53002929688
2432.40209960938
2421.55810546875
2382.9140625
2397.17797851563
2325.95092773438
2314.1640625
2325.81909179688
2293.34106445313
2313.21997070313
2365.59301757813
2359.50610351563
2273.40405273438
2326.30590820313
2347.17895507813
2324.29296875
2318.61108398438
2310.59301757813
2286.60498046875
2263.96801757813
2270.27709960938
2278.40087890625
2240.01611328125
2257.43408203125
2317.3740234375
2324.24194335938
2328.27807617188
2326.71508789063
2297.6689453125
2301.25903320313
2236.30200195313
2236.62109375
2234.39501953125
2227.73999023438
2225.294921875
2211.59204101563
2225.77490234375
2226.1259765625
2219.55297851563
2206.78002929688
2181.94189453125
2194.84594726563
2193.7958984375
2197.60205078125
2244.64306640625
2242.1689453125
2184.5380859375
2218.31811523438
2199.30688476563
2177.912109375
2174.123046875
2205.4970703125
2231.166015625
2235.57495117188
2246.30004882813
2232.97094726563
2246.8310546875
2241.919921875
2217.01000976563
2224.79711914063
2251.80590820313
2282.8701171875
2299.98608398438
2305.11401367188
2302.40307617188
2275.6669921875
2288.53295898438
2293.07690429688
2321.31811523438
2324.01708984375
2317.7490234375
2300.59497070313
2299.251953125
2272.416015625
2270.93090820313
2242.11010742188
2210.89794921875